/* Organism #11256 Fitness: 100001 Error: 0 */
/* ##------$ WINNER 11256 SPECIES #1 $------## */
genomestart 1
trait 1 0.1 0 0 0 0.019138 0 0.0145529 0.000359546 
trait 2 0.13125 0.00965237 0.000704072 0.0354663 0.0815258 0.00213975 0.15371 0.0659175 
trait 3 0.288544 0 0.0299596 0.110561 0 0 0 0.16146 
node 1 1 1 1
node 2 2 1 1
node 3 3 1 1
node 4 2 1 1
node 5 3 1 1
node 6 3 1 1
node 7 2 1 3
node 8 1 0 2
node 9 1 0 2
node 10 1 0 2
node 11 1 0 2
gene 3 1 8 -0.214164 0 1 -0.214164 1
gene 1 2 8 -0.296793 0 2 -0.296793 1
gene 3 3 8 -0.973316 0 3 -0.973316 1
gene 3 4 8 -1.67486 0 4 -1.67486 1
gene 2 5 8 0.867688 0 5 0.867688 1
gene 3 6 8 0.441712 0 6 0.441712 1
gene 3 7 8 -0.0227997 0 7 -0.0227997 1
gene 2 5 9 0.867688 0 5 0.867688 1
gene 3 6 10 0.441712 0 6 0.441712 1
gene 3 7 11 -0.0227997 0 7 -0.0227997 1
genomeend 1